[ 89.44970654  89.55447557  89.65924459  89.76401362  89.86878264
  89.97355167]
[89.502091052473133, 89.60686007844923, 89.711629104425327, 89.816398130401438, 89.92116715637755]
[3.415192052538474, 9.028728629053054, 12.68138860631158, 9.470797841692725, 3.7582326536025197]
[0.10476902597609694, 0.10476902597611115, 0.10476902597609694, 0.10476902597611115, 0.10476902597609694]
Histogram Distances_data_left:
mu:  89.72
sigma:  0.13
chisq: 3.46
p:  48.44 %
--
expected:  [3.42, 9.03, 12.68, 9.47, 3.76]
oberved:  [ 5 10 13  6  6]
bins:  5

[ 89.65  89.85  89.95  90.05  90.25]
[89.75, 89.900000000000006, 90.0, 90.150000000000006]
[9.325897051081341, 11.163495369697387, 10.876410125993315, 8.507139946146443]
[0.19999999999998863, 0.10000000000000853, 0.099999999999994316, 0.20000000000000284]
Histogram Distances_data_ahead:
mu:  89.94
sigma:  0.14
chisq: 0.92
p:  82.07 %
--
expected:  [9.33, 11.16, 10.88, 8.51]
oberved:  [12 10 11  8]
bins:  [89.65, 89.85, 89.95, 90.05, 90.25]

[ 89.40430638  89.50602557  89.60774475  89.70946393  89.81118312
  89.9129023 ]
[89.455165975573948, 89.556885158768182, 89.65860434196243, 89.760323525156679, 89.862042708350913]
[4.052822493245142, 9.053180934413081, 11.90457642831113, 9.218489908611254, 4.202284631798736]
[0.10171918319423412, 0.10171918319424833, 0.10171918319423412, 0.10171918319424833, 0.10171918319423412]
Histogram Distances_data_right:
mu:  89.66
sigma:  0.14
chisq: 1.62
p:  80.47 %
--
expected:  [4.05, 9.05, 11.9, 9.22, 4.2]
oberved:  [ 6  8 11 11  5]
bins:  5

[-0.155 -0.148 -0.144 -0.137 -0.132 -0.127]
[-0.1515, -0.14599999999999999, -0.14050000000000001, -0.13450000000000001, -0.1295]
[4.023432234817533, 4.197882467194632, 10.096228811938968, 7.518419116534708, 5.9738210275042745]
[0.0070000000000000062, 0.0040000000000000036, 0.0069999999999999785, 0.0050000000000000044, 0.0050000000000000044]
Histogram Angles_data_left:
mu:  -0.14
sigma:  0.01
chisq: 7.37
p:  11.74 %
--
expected:  [4.02, 4.2, 10.1, 7.52, 5.97]
oberved:  [8 5 5 8 8]
bins:  [-0.155, -0.148, -0.144, -0.137, -0.132, -0.127]

[-0.02  -0.008  0.     0.005  0.01   0.03 ]
[-0.014, -0.0040000000000000001, 0.0025000000000000001, 0.0074999999999999997, 0.02]
[5.744792684768032, 12.312496109248304, 9.122149814527665, 7.133095255862156, 6.3481445158898]
[0.012, 0.0080000000000000002, 0.0050000000000000001, 0.0050000000000000001, 0.019999999999999997]
Histogram Angles_data_ahead:
mu:  0.0
sigma:  0.01
chisq: 0.31
p:  98.95 %
--
expected:  [5.74, 12.31, 9.12, 7.13, 6.35]
oberved:  [ 6 11 10  7  7]
bins:  [-0.02, -0.008, 0.0, 0.005, 0.01, 0.03]

[ 0.01   0.122  0.128  0.134  0.143  0.163]
[0.066000000000000003, 0.125, 0.13100000000000001, 0.13850000000000001, 0.153]
[6.777063345980706, 6.786760352595476, 8.530974662847678, 11.365237354698781, 7.3912363043719465]
[0.112, 0.0060000000000000053, 0.0060000000000000053, 0.0089999999999999802, 0.020000000000000018]
Histogram Angles_data_right:
mu:  0.13
sigma:  0.01
chisq: 0.25
p:  99.26 %
--
expected:  [6.78, 6.79, 8.53, 11.37, 7.39]
oberved:  [ 7  7  9 10  8]
bins:  [0.01, 0.122, 0.128, 0.134, 0.143, 0.163]

